########################################################################################
#   Osc contained in fublets for 1274 
#	Liran Tawill, 1/02/2017,
# 		This file includes the span of the osc per each type of fublet and bank (A and B). 
#
#		Not including for the moment ...
########################################################################################
e8xmidvwdhvmif		A|1,2,3,4,5,6,7,8,9,10,11,12,13,14,15,16,17,18,19,20,21,22,23
e8xmidvwdhvmif		B|1,2,3,4,5,6,7,8,9,10,11,12,13,14,15,16,17,18,19,20,21,22,23,24,25,27
e8xmidvtdhvmif		A|1,2,3,4,5,6,7,8,9,10,11,12,13,14,15,16,17,18,19,20,21,22,23
e8xmidvtdhvmif		B|1,2,3,4,5,6,7,8,9,10,11,12,13,14,15,16,17,18,19,20,21,22,23,24,25,27
e8xmidvwdnhmif		A|1,2,3,4,5,6,7,8,9,10,11,12,13,14,15,16,17,18,19,20,21,22,23
e8xmidvwdnhmif		B|1,2,3,4,5,6,7,8,9,10,11,12,13,14,15,16,17,18,19,20,21,22,23,24,25,27
e8xmidvtdnhmif		A|1,2,3,4,5,6,7,8,9,10,11,12,13,14,15,16,17,18,19,20,21,22,23
e8xmidvtdnhmif		B|1,2,3,4,5,6,7,8,9,10,11,12,13,14,15,16,17,18,19,20,21,22,23,24,25,27
e8xmidvwdigmif		A|1,2,3,4,5,6,7,8,9,10,11,12,13,14,15,16,17,18,19,20,21,22,23
e8xmidvwdigmif		B|1,2,3,4,5,6,7,8,9,10,11,12,13,14,15,16,17,18,19,20,21,22,23,24,25,26,27
e8xmidvtdigmif		A|1,2,3,4,5,6,7,8,9,10,11,12,13,14,15,16,17,18,19,20,21,22,23
e8xmidvtdigmif		B|1,2,3,4,5,6,7,8,9,10,11,12,13,14,15,16,17,18,19,20,21,22,23,24,25,26,27
e8xmidvw1upmif		A|1,2,3,4,5,6,7
e8xmidvw1upmif		B|1,2,3,4
e8xsidvw1upmif		A|1,2,3,4,5,6,7
e8xsidvw1upmif		B|1,2,3,4,5
e8xmidvfusemif		A|1,2,3,4,5,6,7,8,9,10,11,12,13
e8xmidvfusemif		B|1,2,3,4,5,6,7,8,9,10,11,12,13,14,15,16,17,18,19,20,21,22,23,24,25,27
e8xmidvich		A|1,2,3,4,5,6,7,8,9,10,11,12,13,14,15,16,17
e8xmidvich		B|1,2,3,4,5,6,7,8,9,10,11,12,13,14,15,16,17
e8xmidvicv		A|1,2,3,4,5,6,7,8,9,10,11,12,13,14,15,16,17
e8xmidvicv		B|1,2,3,4,5,6,7,8,9,10,11,12,13,14,15,16,17
